1e-04 -1.8100000000000165e+00
0.0002 -1.9022962514311104e+00
0.0003 -2.0085105389246820e+00
0.0004 -2.1188224052313984e+00
0.0005 -2.1188224052313984e+00
0.0006 -2.3457767923683690e+00
0.0007 -2.4612183638451910e+00
0.0008 -2.5775519828990952e+00
0.0009 -2.6945899697408748e+00
0.001 -2.6945899697408748e+00
0.0011 -2.9302692775474242e+00
0.0012 -3.0487289056655271e+00
0.0013 -3.1675122276861316e+00
0.0014 -3.2865680267814525e+00
0.0015 -3.2865680267814525e+00
0.0016 -3.5253351483123794e+00
0.0017 -3.6449813962152717e+00
0.0018 -3.7647673910044404e+00
0.0019 -3.8846712283076386e+00
0.002 -3.8846712283076386e+00
0.0021 -4.1247588374551185e+00
0.0022 -4.2449114461591932e+00
0.0023 -4.3651188682812290e+00
0.0024 -4.4853696925991642e+00
0.0025 -4.4853696925991642e+00
0.0026 -4.7259619714920120e+00
0.0027 -4.8462861905513819e+00
0.0028 -4.9666190809607258e+00
0.0029 -5.0869540288152564e+00
0.003 -5.0869540288152564e+00
0.0031 -5.3276067347616447e+00
0.0032 -5.4479141517029177e+00
0.0033 -5.5682028280512839e+00
0.0034 -5.6884686862398155e+00
0.0035 -5.6884686862398155e+00
0.0036 -5.9289173930401660e+00
0.0037 -6.0490937398082849e+00
0.0038 -6.1692342062616774e+00
0.0039 -6.2893361915696460e+00
0.004 -6.2893361915696460e+00
0.0041 -6.5294153890215512e+00
0.0042 -6.6493884177934319e+00
0.0043 -6.7693145663374708e+00
0.0044 -6.8891921546093613e+00
0.0045 -6.8891921546093613e+00
0.0046 -7.1287956242852033e+00
0.0047 -7.2485188074394387e+00
0.0048 -7.3681880146703520e+00
0.0049 -7.4878021700893100e+00
0.005 -7.4878021700893100e+00
0.0051 -7.7268614901096839e+00
0.0052 -7.8463049511657346e+00
0.0053 -7.9656899413562314e+00
0.0054 -8.0850157970193663e+00
0.0055 -8.0850157970193663e+00
0.0056 -8.3234877765057718e+00
0.0057 -8.4426328865148434e+00
0.0058 -8.5617168265690111e+00
0.0059 -8.6807392230566620e+00
0.006 -8.6807392230566620e+00
0.0061 -8.9185981244936556e+00
0.0062 -9.0374341071977256e+00
0.0063 -9.1562074965801230e+00
0.0064 -9.2749181281770348e+00
0.0065 -9.2749181281770348e+00
0.0066 -9.5121506309306483e+00
0.0067 -9.6306723379700543e+00
0.0068 -9.7491309553319638e+00
0.0069 -9.8675264723652845e+00
0.007 -9.8675264723652845e+00
0.0071 -1.0104128289821972e+01
0.0072 -1.0222334691701576e+01
0.0073 -1.0340478193558795e+01
0.0074 -1.0458558899670891e+01
0.0075 -1.0458558899670891e+01
0.0076 -1.0694532437484668e+01
0.0077 -1.0812425570402638e+01
0.0078 -1.0930256508113359e+01
0.0079 -1.1048025441863786e+01
0.008 -1.1048025441863786e+01
0.0081 -1.1283378135413557e+01
0.0082 -1.1400962348393875e+01
0.0083 -1.1518485462374429e+01
0.0084 -1.1635947735075661e+01
0.0085 -1.1635947735075661e+01
0.0086 -1.1870690843573755e+01
0.0087 -1.1987972249171207e+01
0.0088 -1.2105193952038064e+01
0.0089 -1.2222356261087441e+01
0.009 -1.2222356261087441e+01
0.0091 -1.2456503976714487e+01
0.0092 -1.2573490043162906e+01
0.0093 -1.2690418034732375e+01
0.0094 -1.2807288299967922e+01
0.0095 -1.2807288299967922e+01
0.0096 -1.3040857079236730e+01
0.0097 -1.3157556322993742e+01
0.0098 -1.3274199299244515e+01
0.0099 -1.3390786387308140e+01
0.01 -1.3390786387308140e+01
0.0101 -1.3623794442275425e+01
0.0102 -1.3740216193177389e+01
0.0103 -1.3856583623405299e+01
0.0104 -1.3972897136189999e+01
0.0105 -1.3972897136189999e+01
0.0106 -1.4205364042635097e+01
0.0107 -1.4321518262438303e+01
0.0108 -1.4437620216705227e+01
0.0109 -1.4553670327209375e+01
0.011 -1.4553670327209375e+01
0.0111 -1.4785616719711243e+01
0.0112 -1.4901513860466480e+01
0.0113 -1.5017360874674409e+01
0.0114 -1.5133158198416595e+01
0.0115 -1.5133158198416595e+01
0.0116 -1.5364605530871358e+01
0.0117 -1.5480256423408491e+01
0.0118 -1.5595859392889338e+01
0.0119 -1.5711414886337366e+01
0.012 -1.5711414886337366e+01
0.0121 -1.5942385242355840e+01
0.0122 -1.6057801007798162e+01
0.0123 -1.6173171102758715e+01
0.0124 -1.6288495982508380e+01
0.0125 -1.6288495982508380e+01
0.0126 -1.6519011924251117e+01
0.0127 -1.6634203903333628e+01
0.0128 -1.6749352501228373e+01
0.0129 -1.6864458179287226e+01
0.013 -1.6864458179287226e+01
0.0131 -1.7094542626212160e+01
0.0132 -1.7209522322489079e+01
0.0133 -1.7324460953627408e+01
0.0134 -1.7439358985308331e+01
0.0135 -1.7439358985308331e+01
0.0136 -1.7669035116401574e+01
0.0137 -1.7783814150391549e+01
0.0138 -1.7898554453978591e+01
0.0139 -1.8013256495752671e+01
0.014 -1.8013256495752671e+01
0.0141 -1.8242547670350632e+01
0.0142 -1.8357137742354894e+01
0.0143 -1.8471691430822716e+01
0.0144 -1.8586209206094395e+01
0.0145 -1.8586209206094395e+01
0.0146 -1.8815138899527255e+01
0.0147 -1.8929551759379478e+01
0.0148 -1.9043930589349429e+01
0.0149 -1.9158275860582535e+01
0.015 -1.9158275860582535e+01
0.0151 -1.9386867611713342e+01
0.0152 -1.9501115034104373e+01
0.0153 -1.9615330782689398e+01
0.0154 -1.9729515328648745e+01
0.0155 -1.9729515328648745e+01
0.0156 -1.9957792697020068e+01
0.0157 -2.0071886461330337e+01
0.0158 -2.0185950906765243e+01
0.0159 -2.0299986503906780e+01
0.016 -2.0299986503906780e+01
0.0161 -2.0527973034689580e+01
0.0162 -2.0641924908490296e+01
0.0163 -2.0755849814278577e+01
0.0164 -2.0869748221520240e+01
0.0165 -2.0869748221520240e+01
0.0166 -2.1097467416828522e+01
0.0167 -2.1211289142379428e+01
0.0168 -2.1325086244323302e+01
0.0169 -2.1438859190586754e+01
0.017 -2.1438859190586754e+01
0.0171 -2.1666334486012374e+01
0.0172 -2.1780037769220371e+01
0.0173 -2.1893718764814821e+01
0.0174 -2.2007377938839682e+01
0.0175 -2.2007377938839682e+01
0.0176 -2.2234632684284065e+01
0.0177 -2.2348229185687046e+01
0.0178 -2.2461805725468821e+01
0.0179 -2.2575362767508750e+01
0.018 -2.2575362767508750e+01
0.0181 -2.2802420211563344e+01
0.0182 -2.2915921538996145e+01
0.0183 -2.3029405219503587e+01
0.0184 -2.3142871714575449e+01
0.0185 -2.3142871714575449e+01
0.0186 -2.3369754991849504e+01
0.0187 -2.3483172694494215e+01
0.0188 -2.3596575052573371e+01
0.0189 -2.3709962525002084e+01
0.019 -2.3709962525002084e+01
0.0191 -2.3936694645892203e+01
0.0192 -2.4050040209495137e+01
0.0193 -2.4163372717717721e+01
0.0194 -2.4276692626755448e+01
0.0195 -2.4276692626755448e+01
0.0196 -2.4503296469260476e+01
0.0197 -2.4616581312308199e+01
0.0198 -2.4729855375324405e+01
0.0199 -2.4843119111670376e+01
0.02 -2.4843119111670376e+01
0.0201 -2.5069617414904997e+01
0.0202 -2.5182852885613102e+01
0.0203 -2.5296079837283060e+01
0.0204 -2.5409298720354855e+01
0.0205 -2.5409298720354855e+01
0.0206 -2.5635714079495301e+01
0.0207 -2.5748911453467827e+01
0.0208 -2.5862102554646071e+01
0.0209 -2.5975287830480966e+01
0.021 -2.5975287830480966e+01
0.0211 -2.6201642692903761e+01
0.0212 -2.6314813171366950e+01
0.0213 -2.6427979608233500e+01
0.0214 -2.6541142447918219e+01
0.0215 -2.6541142447918219e+01
0.0216 -2.6767459110341633e+01
0.0217 -2.6880613818846086e+01
0.0218 -2.6993766701698405e+01
0.0219 -2.7106918200244536e+01
0.022 -2.7106918200244536e+01
0.0221 -2.7333218806714513e+01
0.0222 -2.7446368794243199e+01
0.0223 -2.7559519156674469e+01
0.0224 -2.7672670332264261e+01
0.0225 -2.7672670332264261e+01
0.0226 -2.7898976872848380e+01
0.0227 -2.8012133111258208e+01
0.0228 -2.8125291909657790e+01
0.0229 -2.8238453703205096e+01
0.023 -2.8238453703205096e+01
0.0231 -2.8464788013279303e+01
0.0232 -2.8577961397023728e+01
0.0233 -2.8691139510353196e+01
0.0234 -2.8804322785327940e+01
0.0235 -2.8804322785327940e+01
0.0236 -2.9030706545364183e+01
0.0237 -2.9143907891454319e+01
0.0238 -2.9257116121249737e+01
0.0239 -2.9370331663720435e+01
0.024 -2.9370331663720435e+01
0.0241 -2.9596786399492657e+01
0.0242 -2.9710026447656219e+01
0.0243 -2.9823275518222545e+01
0.0244 -2.9936534037086631e+01
0.0245 -2.9936534037086631e+01
0.0246 -3.0163081120226934e+01
0.0247 -3.0276370533233603e+01
0.0248 -3.0389671091999844e+01
0.0249 -3.0502983219365206e+01
0.025 -3.0502983219365206e+01
0.0251 -3.0729643868212406e+01
0.0252 -3.0842993232335175e+01
0.0253 -3.0956355850342334e+01
0.0254 -3.1069732142041175e+01
0.0255 -3.1069732142041175e+01
0.0256 -3.1296527422731742e+01
0.0257 -3.1409947248328081e+01
0.0258 -3.1523382420827375e+01
0.0259 -3.1636833357033765e+01
0.026 -3.1636833357033765e+01
0.0261 -3.1863784184797169e+01
0.0262 -3.1977284906979321e+01
0.0263 -3.2090803054123171e+01
0.0264 -3.2204339040059040e+01
0.0265 -3.2204339040059040e+01
0.0266 -3.2431466180673851e+01
0.0267 -3.2545058160063718e+01
0.0268 -3.2658669627671543e+01
0.0269 -3.2772300994386342e+01
0.027 -3.2772300994386342e+01
0.0271 -3.2999625065777991e+01
0.0272 -3.3113318589319533e+01
0.0273 -3.3227033649702662e+01
0.0274 -3.3340770654909647e+01
0.0275 -3.3340770654909647e+01
0.0276 -3.3568312128854359e+01
0.0277 -3.3682117410682395e+01
0.0278 -3.3795946263518999e+01
0.0279 -3.3909799092481080e+01
0.028 -3.3909799092481080e+01
0.0281 -3.4137578296397805e+01
0.0282 -3.4251505478742729e+01
0.0283 -3.4365458251997097e+01
0.0284 -3.4479437018445424e+01
0.0285 -3.4479437018445424e+01
0.0286 -3.4707474137255986e+01
0.0287 -3.4821533291385549e+01
0.0288 -3.4935620042246910e+01
0.0289 -3.5049734789332661e+01
0.029 -3.5049734789332661e+01
0.0291 -3.5278049867378513e+01
0.0292 -3.5392250994560527e+01
0.0293 -3.5506481710413937e+01
0.0294 -3.5620742411678521e+01
0.0295 -3.5620742411678521e+01
0.0296 -3.5849355354670251e+01
0.0297 -3.5963708387153019e+01
0.0298 -3.6078092986562297e+01
0.0299 -3.6192509546924157e+01
0.03 -3.6192509546924157e+01
0.0301 -3.6421440123923730e+01
0.0302 -3.6535954925930582e+01
0.0303 -3.6650503259633524e+01
0.0304 -3.6765085516385398e+01
0.0305 -3.6765085516385398e+01
0.0306 -3.6994353361802041e+01
0.0307 -3.7109039730531094e+01
0.0308 -3.7223761582439693e+01
0.0309 -3.7338519306250191e+01
0.031 -3.7338519306250191e+01
0.0311 -3.7568143921847650e+01
0.0312 -3.7683011588474074e+01
0.0313 -3.7797916676681325e+01
0.0314 -3.7912859572598109e+01
0.0315 -3.7912859572598109e+01
0.0316 -3.8142860329503037e+01
0.0317 -3.8257918960183588e+01
0.0318 -3.8373016937963484e+01
0.0319 -3.8488154646417343e+01
0.032 -3.8488154646417343e+01
0.0321 -3.8718550787119511e+01
0.0322 -3.8833809983995252e+01
0.0323 -3.8949110440803224e+01
0.0324 -3.9064452538606020e+01
0.0325 -3.9064452538606020e+01
0.0326 -3.9295263178954428e+01
0.0327 -3.9410732481141395e+01
0.0328 -3.9526244943608162e+01
0.0329 -3.9641800944944180e+01
0.033 -3.9641800944944180e+01
0.0331 -3.9873045076125436e+01
0.0332 -3.9988733960704849e+01
0.0333 -4.0104467893622314e+01
0.0334 -4.0220247251031651e+01
0.0335 -4.0220247251031651e+01
0.0336 -4.0451943741532205e+01
0.0337 -4.0567861624526131e+01
0.0338 -4.0683826431820989e+01
0.0339 -4.0799838537174537e+01
0.034 -4.0799838537174537e+01
0.0341 -4.1032006134719950e+01
0.0342 -4.1148162372060597e+01
0.0343 -4.1264367397761134e+01
0.0344 -4.1380621583222819e+01
0.0345 -4.1380621583222819e+01
0.0346 -4.1613278916694298e+01
0.0347 -4.1729682805176481e+01
0.0348 -4.1846137334364585e+01
0.0349 -4.1962642873338837e+01
0.035 -4.1962642873338837e+01
0.0351 -4.2195808454669304e+01
0.0352 -4.2312469232894045e+01
0.0353 -4.2429182492643349e+01
0.0354 -4.2545948600714610e+01
0.0355 -4.2545948600714610e+01
0.0356 -4.2779640826749755e+01
0.0357 -4.2896567676051291e+01
0.0358 -4.3013548836354403e+01
0.0359 -4.3130584672207760e+01
0.036 -4.3130584672207760e+01
0.0361 -4.3364821826542538e+01
0.0362 -4.3482023871904858e+01
0.0363 -4.3599282046581720e+01
0.0364 -4.3716596712911723e+01
0.0365 -4.3716596712911723e+01
0.0366 -4.3951396967699566e+01
0.0367 -4.4068883278649992e+01
0.0368 -4.4186427526246462e+01
0.0369 -4.4304030070648878e+01
0.037 -4.4304030070648878e+01
0.0371 -4.4539411488374753e+01
0.0372 -4.4657191079875702e+01
0.0373 -4.4775030404540303e+01
0.0374 -4.4892929820391601e+01
0.0375 -4.4892929820391601e+01
0.0376 -4.5128910355620974e+01
0.0377 -4.5246992188928743e+01
0.0378 -4.5365135541283507e+01
0.0379 -4.5483340768599646e+01
0.038 -4.5483340768599646e+01
0.0381 -4.5719938269691283e+01
0.0382 -4.5838331253215074e+01
0.0383 -4.5956787531198643e+01
0.0384 -4.6075307457484996e+01
0.0385 -4.6075307457484996e+01
0.0386 -4.6312539668272166e+01
0.0387 -4.6431252658407629e+01
0.0388 -4.6550030708112899e+01
0.0389 -4.6668874169190076e+01
0.039 -4.6668874169190076e+01
0.0391 -4.6906758730634920e+01
0.0392 -4.7025800532586345e+01
0.0393 -4.7144909149077193e+01
0.0394 -4.7264084929898218e+01
0.0395 -4.7264084929898218e+01
0.0396 -4.7502639381707013e+01
0.0397 -4.7622018750291318e+01
0.0398 -4.7741466678401594e+01
0.0399 -4.7860983513851806e+01
0.04 -4.7860983513851806e+01
0.0401 -4.8100225296065673e+01
0.0402 -4.8219950936502300e+01
0.0403 -4.8339746871626630e+01
0.0404 -4.8459613447302672e+01
0.0405 -4.8459613447302672e+01
0.0406 -4.8699559901853718e+01
0.0407 -4.8819640470537706e+01
0.0408 -4.8939793059395470e+01
0.0409 -4.9060018012376531e+01
0.041 -4.9060018012376531e+01
0.0411 -4.9300686384611708e+01
0.0412 -4.9421130489871302e+01
0.0413 -4.9541648331267879e+01
0.0414 -4.9662240250865125e+01
0.0415 -4.9662240250865125e+01
0.0416 -4.9903647691040987e+01
0.0417 -5.0024463893881148e+01
0.0418 -5.0145355539445518e+01
0.0419 -5.0266322967937413e+01
0.042 -5.0266322967937413e+01
0.0421 -5.0508486532686220e+01
0.0422 -5.0629683347515311e+01
0.0423 -5.0750957302422648e+01
0.0424 -5.0872308735780280e+01
0.0425 -5.0872308735780280e+01
0.0426 -5.1115245389540632e+01
0.0427 -5.1236831284884374e+01
0.0428 -5.1358496008566362e+01
0.0429 -5.1480239897157844e+01
0.043 -5.1480239897157844e+01
0.0431 -5.1723966513582582e+01
0.0432 -5.1845949912780270e+01
0.0433 -5.1968013819621774e+01
0.0434 -5.2090158568903917e+01
0.0435 -5.2090158568903917e+01
0.0436 -5.2334691932233000e+01
0.0437 -5.2457081214120990e+01
0.0438 -5.2579552674138995e+01
0.0439 -5.2702106645337608e+01
0.044 -5.2702106645337608e+01
0.0441 -5.2947463451745534e+01
0.0442 -5.3070266951328904e+01
0.0443 -5.3193154290840084e+01
0.0444 -5.3316125801609360e+01
0.0445 -5.3316125801609360e+01
0.0446 -5.3562322660525751e+01
0.0447 -5.3685548669629497e+01
0.0448 -5.3808860171901870e+01
0.0449 -5.3932257496976035e+01
0.045 -5.3932257496976035e+01
0.0451 -5.4179310932376211e+01
0.0452 -5.4302967700290083e+01
0.0453 -5.4426711606182835e+01
0.0454 -5.4550542978013254e+01
0.0455 -5.4550542978013254e+01
0.0456 -5.4798469429681518e+01
0.0457 -5.4922565163788022e+01
0.0458 -5.5046749672373608e+01
0.0459 -5.5171023281753151e+01
0.046 -5.5171023281753151e+01
0.0461 -5.5419839106520612e+01
0.0462 -5.5544381972907559e+01
0.0463 -5.5669015242090154e+01
0.0464 -5.5793739238760281e+01
0.0465 -5.5793739238760281e+01
0.0466 -5.6043460711718126e+01
0.0467 -5.6168458835783440e+01
0.0468 -5.6293548982893753e+01
0.0469 -5.6418731476140238e+01
0.047 -5.6418731476140238e+01
0.0471 -5.6669374791826158e+01
0.0472 -5.6794836258867235e+01
0.0473 -5.6920391361250950e+01
0.0474 -5.7046040420493682e+01
0.0475 -5.7046040420493682e+01
0.0476 -5.7297621694053305e+01
0.0477 -5.7423554549842265e+01
0.0478 -5.7549582645436203e+01
0.0479 -5.7675706300796264e+01
0.048 -5.7675706300796264e+01
0.0481 -5.7928241569122747e+01
0.0482 -5.8054653820474414e+01
0.0483 -5.8181162908367696e+01
0.0484 -5.8307769151232606e+01
0.0485 -5.8307769151232606e+01
0.0486 -5.8561274374076675e+01
0.0487 -5.8688173989401093e+01
0.0488 -5.8815172030388567e+01
0.0489 -5.8942268813956161e+01
0.049 -5.8942268813956161e+01
0.0491 -5.9196759875022053e+01
0.0492 -5.9324154784864731e+01
0.0493 -5.9451649701983115e+01
0.0494 -5.9579244941805882e+01
0.0495 -5.9579244941805882e+01
0.0496 -5.9834737649816361e+01
0.0497 -5.9962635747391687e+01
0.0498 -6.0090635426451627e+01
0.0499 -6.0218737000956935e+01
