0.015 66.6666
0.03 32.1543
0.045 20.678
0.06 14.9599
0.075 11.968
0.09 9.28025
0.105 7.67314
0.12 6.47652
0.135 5.55328
0.15 4.99795
0.165 4.22786
0.18 3.73846
0.195 3.32882
0.21 2.98172
0.225 2.78294
0.24 2.4277
0.255 2.20408
0.27 2.008
0.285 1.83503
0.3 1.74328
0.315 1.54489
0.33 1.42251
0.345 1.31253
0.36 1.21335
0.375 1.16482
0.39 1.04219
0.405 0.968092
0.42 0.900498
0.435 0.838694
0.45 0.810737
0.465 0.730063
0.48 0.682233
0.495 0.638159
0.51 0.597482
0.525 0.580411
0.54 0.525076
0.555 0.492814
0.57 0.462873
0.585 0.435052
0.6 0.424176
0.615 0.385073
0.63 0.362608
0.645 0.341648
0.66 0.322074
0.675 0.314917
0.69 0.286663
0.705 0.27064
0.72 0.255628
0.735 0.241554
0.75 0.236723
0.765 0.215954
0.78 0.204309
0.795 0.193364
0.81 0.183071
0.825 0.179742
0.84 0.164265
0.855 0.155675
0.87 0.147579
0.885 0.139947
0.9 0.137614
0.915 0.125952
0.93 0.119537
0.945 0.113479
0.96 0.107755
0.975 0.106097
0.99 0.0972284
1.005 0.0923895
1.02 0.087811
1.035 0.0834774
1.05 0.0822849
1.065 0.0754884
1.08 0.071807
1.095 0.0683182
1.11 0.0650112
1.125 0.0641444
1.14 0.0589016
1.155 0.0560803
1.17 0.0534031
1.185 0.0508621
1.2 0.0502264
1.215 0.0461591
1.23 0.0439834
1.245 0.0419165
1.26 0.0399525
1.275 0.0394825
1.29 0.0363116
1.305 0.0346246
1.32 0.0330204
1.335 0.0314945
1.35 0.0311446
1.365 0.0286618
1.38 0.0273475
1.395 0.0260965
1.41 0.0249057
1.425 0.0246435
1.44 0.0226921
1.455 0.0216638
1.47 0.0206843
1.485 0.0197511
1.5 0.0195536
1.515 0.0180146
1.53 0.0172071
1.545 0.0164373
1.56 0.0157034
1.575 0.0155539
1.59 0.0143365
1.605 0.0137001
1.62 0.0130932
1.635 0.0125142
1.65 0.0124004
1.665 0.0114347
1.68 0.0109318
1.695 0.0104518
1.71 0.00999363
1.725 0.00990673
1.74 0.00913882
1.755 0.00874021
1.77 0.00835961
1.785 0.00799615
1.8 0.00792951
1.815 0.00731749
1.83 0.00700079
1.845 0.00669826
1.86 0.00640922
1.875 0.00635794
1.89 0.00586915
1.905 0.00561697
1.92 0.00537595
1.935 0.00514559
1.95 0.00510601
1.965 0.0047149
1.98 0.00451367
1.995 0.00432127
2.01 0.00413731
2.025 0.00410666
2.04 0.00379317
2.055 0.00363229
2.07 0.00347841
2.085 0.00333123
2.1 0.00330743
2.115 0.00305576
2.13 0.0029269
2.145 0.00280362
2.16 0.00268567
2.175 0.00266715
2.19 0.00246479
2.205 0.00236143
2.22 0.0022625
2.235 0.00216782
2.25 0.00215337
2.265 0.00199044
2.28 0.0019074
2.295 0.0018279
2.31 0.00175179
2.325 0.00174048
2.34 0.00160914
2.355 0.00154233
2.37 0.00147835
2.385 0.00141708
2.4 0.00140823
2.415 0.00130221
2.43 0.00124839
2.445 0.00119684
2.46 0.00114746
2.475 0.0011405
2.49 0.00105484
2.505 0.00101143
2.52 0.000969839
2.535 0.000929992
2.55 0.000924522
2.565 0.00085523
2.58 0.000820176
2.595 0.000786585
2.61 0.000754395
2.625 0.000750084
2.64 0.000693981
2.655 0.000665645
2.67 0.000638486
2.685 0.000612454
2.7 0.000609051
2.715 0.000563583
2.73 0.000540654
2.745 0.000518674
2.76 0.000497602
2.775 0.000494912
2.79 0.000458031
2.805 0.00043946
2.82 0.000421654
2.835 0.000404581
2.85 0.000402452
2.865 0.000372511
2.88 0.000357457
2.895 0.00034302
2.91 0.000329175
2.925 0.000327487
2.94 0.000303162
2.955 0.000290948
2.97 0.000279233
2.985 0.000267996
3 0.000266656
3.015 0.000246879
3.03 0.000236961
3.045 0.000227447
3.06 0.00021832
3.075 0.000217255
3.09 0.000201164
3.105 0.000193105
3.12 0.000185373
3.135 0.000177955
3.15 0.000177107
3.165 0.000164007
3.18 0.000157453
3.195 0.000151165
3.21 0.000145131
3.225 0.000144455
3.24 0.000133783
3.255 0.00012845
3.27 0.000123333
3.285 0.000118421
3.3 0.000117883
3.315 0.000109183
3.33 0.000104841
3.345 0.000100673
3.36 9.66729e-05
3.375 9.62433e-05
3.39 8.91477e-05
3.405 8.56099e-05
3.42 8.22139e-05
3.435 7.89539e-05
3.45 7.86106e-05
3.465 7.28201e-05
3.48 6.9936e-05
3.495 6.71672e-05
3.51 6.4509e-05
3.525 6.42345e-05
3.54 5.95066e-05
3.555 5.71541e-05
3.57 5.48954e-05
3.585 5.27267e-05
3.6 5.2507e-05
3.615 4.86449e-05
3.63 4.6725e-05
3.645 4.48814e-05
3.66 4.31111e-05
3.675 4.29352e-05
3.69 3.97787e-05
3.705 3.82111e-05
3.72 3.67056e-05
3.735 3.52599e-05
3.75 3.51188e-05
3.765 3.2538e-05
3.78 3.12573e-05
3.795 3.00274e-05
3.81 2.88461e-05
3.825 2.8733e-05
3.84 2.66219e-05
3.855 2.55752e-05
3.87 2.45699e-05
3.885 2.36043e-05
3.9 2.35135e-05
3.915 2.17859e-05
3.93 2.09301e-05
3.945 2.0108e-05
3.96 1.93184e-05
3.975 1.92455e-05
3.99 1.78311e-05
4.005 1.71311e-05
4.02 1.64586e-05
4.035 1.58126e-05
4.05 1.5754e-05
4.065 1.45957e-05
4.08 1.40229e-05
4.095 1.34725e-05
4.11 1.29438e-05
4.125 1.28967e-05
4.14 1.19477e-05
4.155 1.14788e-05
4.17 1.10282e-05
4.185 1.05953e-05
4.2 1.05575e-05
4.215 9.77975e-06
4.23 9.39575e-06
4.245 9.02676e-06
4.26 8.67221e-06
4.275 8.64178e-06
4.29 8.00416e-06
4.305 7.68959e-06
4.32 7.3873e-06
4.335 7.09682e-06
4.35 7.07235e-06
4.365 6.54944e-06
4.38 6.29167e-06
4.395 6.04395e-06
4.41 5.80589e-06
4.425 5.78621e-06
4.44 5.35725e-06
4.455 5.14596e-06
4.47 4.94289e-06
4.485 4.74774e-06
4.5 4.73191e-06
4.515 4.37992e-06
4.53 4.20668e-06
4.545 4.04017e-06
4.56 3.88015e-06
4.575 3.86742e-06
4.59 3.57852e-06
4.605 3.43644e-06
4.62 3.29988e-06
4.635 3.16862e-06
4.65 3.1584e-06
4.665 2.92121e-06
4.68 2.80466e-06
4.695 2.69263e-06
4.71 2.58495e-06
4.725 2.57675e-06
4.74 2.38196e-06
4.755 2.28634e-06
4.77 2.19442e-06
4.785 2.10606e-06
4.8 2.09948e-06
4.815 1.93949e-06
4.83 1.86102e-06
4.845 1.78559e-06
4.86 1.71307e-06
4.875 1.7078e-06
4.89 1.57637e-06
4.905 1.51196e-06
4.92 1.45004e-06
4.935 1.39053e-06
4.95 1.38631e-06
4.965 1.27831e-06
4.98 1.22544e-06
4.995 1.17462e-06
5.01 1.12576e-06
5.025 1.1224e-06
5.04 1.03365e-06
5.055 9.90247e-07
5.07 9.48524e-07
5.085 9.08415e-07
5.1 9.05744e-07
5.115 8.32794e-07
5.13 7.97162e-07
5.145 7.6291e-07
5.16 7.29982e-07
5.175 7.27866e-07
5.19 6.679e-07
5.205 6.38649e-07
5.22 6.10529e-07
5.235 5.83498e-07
5.25 5.81831e-07
5.265 5.32533e-07
5.28 5.08521e-07
5.295 4.85438e-07
5.31 4.63249e-07
5.325 4.61944e-07
5.34 4.21415e-07
5.355 4.01706e-07
5.37 3.8276e-07
5.385 3.64549e-07
5.4 3.63536e-07
5.415 3.30216e-07
5.43 3.14042e-07
5.445 2.98495e-07
5.46 2.83552e-07
5.475 2.82775e-07
5.49 2.55383e-07
5.505 2.42113e-07
5.52 2.29359e-07
5.535 2.17101e-07
5.55 2.16515e-07
5.565 1.93997e-07
5.58 1.83115e-07
5.595 1.72657e-07
5.61 1.62606e-07
5.625 1.62173e-07
5.64 1.43665e-07
5.655 1.34746e-07
5.67 1.26174e-07
5.685 1.17938e-07
5.7 1.17628e-07
5.715 1.0242e-07
5.73 9.51134e-08
5.745 8.80934e-08
5.76 8.13489e-08
5.775 8.11376e-08
5.79 6.86444e-08
5.805 6.26644e-08
5.82 5.69199e-08
5.835 5.1402e-08
5.85 5.12702e-08
5.865 4.10112e-08
5.88 3.61219e-08
5.895 3.14263e-08
5.91 2.6917e-08
5.925 2.68489e-08
5.94 1.84288e-08
5.955 1.44365e-08
5.97 1.06034e-08
5.985 6.92353e-09
6 6.90622e-09
6.015 0
6.03 0
6.045 0
6.06 0
6.075 0
6.09 0
6.105 0
6.12 0
6.135 0
6.15 0
6.165 0
6.18 0
6.195 0
6.21 0
6.225 0
6.24 0
6.255 0
6.27 0
6.285 0
6.3 0
6.315 0
6.33 0
6.345 0
6.36 0
6.375 0
6.39 0
6.405 0
6.42 0
6.435 0
6.45 0
6.465 0
6.48 0
6.495 0
6.51 0
6.525 0
6.54 0
6.555 0
6.57 0
6.585 0
6.6 0
6.615 0
6.63 0
6.645 0
6.66 0
6.675 0
6.69 0
6.705 0
6.72 0
6.735 0
6.75 0
6.765 0
6.78 0
6.795 0
6.81 0
6.825 0
6.84 0
6.855 0
6.87 0
6.885 0
6.9 0
6.915 0
6.93 0
6.945 0
6.96 0
6.975 0
6.99 0
7.005 0
7.02 0
7.035 0
7.05 0
7.065 0
7.08 0
7.095 0
7.11 0
7.125 0
7.14 0
7.155 0
7.17 0
7.185 0
7.2 0
7.215 0
7.23 0
7.245 0
7.26 0
7.275 0
7.29 0
7.305 0
7.32 0
7.335 0
7.35 0
7.365 0
7.38 0
7.395 0
7.41 0
7.425 0
7.44 0
7.455 0
7.47 0
7.485 0
