0.015 0.
0.03 1.7278796557240383e+00
0.045 2.3988867134750222e+00
0.06 2.8842672821581488e+00
0.075 2.8842672821581488e+00
0.09 3.5885315921131422e+00
0.105 3.8590832090055187e+00
0.12 4.0919765764887757e+00
0.135 4.2944105572599369e+00
0.15 4.2944105572599369e+00
0.165 4.6270477388014228e+00
0.18 4.7639947058033556e+00
0.195 4.8846709707025013e+00
0.21 4.9909698021608051e+00
0.225 4.9909698021608051e+00
0.24 5.1664524866577892e+00
0.255 5.2380755231733644e+00
0.27 5.3002939616115725e+00
0.285 5.3539492414739414e+00
0.3 5.3539492414739414e+00
0.315 5.4384391154409286e+00
0.33 5.4705082709563442e+00
0.345 5.4965080251156166e+00
0.36 5.5169070331212140e+00
0.375 5.5169070331212140e+00
0.39 5.5425592250543048e+00
0.405 5.5485482068309580e+00
0.42 5.5504170379159063e+00
0.435 5.5484602199701385e+00
0.45 5.5484602199701385e+00
0.465 5.5341325629146922e+00
0.48 5.5222428470994771e+00
0.495 5.5074937709887877e+00
0.51 5.4900841897698456e+00
0.525 5.4900841897698456e+00
0.54 5.4480106837050926e+00
0.555 5.4236798354417601e+00
0.57 5.3973567227157844e+00
0.585 5.3691818683959980e+00
0.6 5.3691818683959980e+00
0.615 5.3077951839688353e+00
0.63 5.2748225788558898e+00
0.645 5.2404778738660980e+00
0.66 5.2048633627654226e+00
0.675 5.2048633627654226e+00
0.69 5.1302042922170585e+00
0.705 5.0913357399124948e+00
0.72 5.0515501290623490e+00
0.735 5.0109233806298334e+00
0.75 5.0109233806298334e+00
0.765 4.9274290395122478e+00
0.78 4.8846929619534478e+00
0.795 4.8413792549657444e+00
0.81 4.7975449503934726e+00
0.825 4.7975449503934726e+00
0.84 4.7085272519095156e+00
0.855 4.6634430301953671e+00
0.87 4.6180368810857999e+00
0.885 4.5723519245081263e+00
0.9 4.5723519245081263e+00
0.915 4.4803065403432356e+00
0.93 4.4340211976276578e+00
0.945 4.3876074473529059e+00
0.96 4.3410979462396995e+00
0.975 4.3410979462396995e+00
0.99 4.2479135513953850e+00
1.005 4.2012954738603980e+00
1.02 4.1546954451977740e+00
1.035 4.1081381276222828e+00
1.05 4.1081381276222828e+00
1.065 4.0152435204296921e+00
1.08 3.9689490007499018e+00
1.095 3.9227828564983014e+00
1.11 3.8767635692976654e+00
1.125 3.8767635692976654e+00
1.14 3.7852342390632430e+00
1.155 3.7397560565240724e+00
1.17 3.6944885463593806e+00
1.185 3.6494453707744299e+00
1.2 3.6494453707744299e+00
1.215 3.5600825581703077e+00
1.23 3.5157862471717038e+00
1.245 3.4717609953829225e+00
1.26 3.4280166846118192e+00
1.275 3.4280166846118192e+00
1.29 3.3414071775040952e+00
1.305 3.2985585987546386e+00
1.32 3.2560242527454477e+00
1.335 3.2138110450587618e+00
1.35 3.2138110450587618e+00
1.365 3.1303731160717092e+00
1.38 3.0891597255480008e+00
1.395 3.0482901793935184e+00
1.41 3.0077690363955014e+00
1.425 3.0077690363955014e+00
1.44 2.9277881835699304e+00
1.455 2.8883356357067811e+00
1.47 2.8492458502180398e+00
1.485 2.8105215362304250e+00
1.5 2.8105215362304250e+00
1.515 2.7341785760208097e+00
1.53 2.6965638093156059e+00
1.545 2.6593223013113061e+00
1.56 2.6224553069575620e+00
1.575 2.6224553069575620e+00
1.59 2.5498486377383642e+00
1.605 2.5141102671713753e+00
1.62 2.4787490414418585e+00
1.635 2.4437650777154118e+00
1.65 2.4437650777154118e+00
1.665 2.3749284380791806e+00
1.68 2.3410750583283999e+00
1.695 2.3075975510812299e+00
1.71 2.2744951499141877e+00
1.725 2.2744951499141877e+00
1.74 2.2094118542081418e+00
1.755 2.1774287040340994e+00
1.77 2.1458161633395463e+00
1.785 2.1145727869491679e+00
1.8 2.1145727869491679e+00
1.815 2.0531871787405720e+00
1.83 2.0230415076144936e+00
1.845 1.9932581340264122e+00
1.86 1.9638350994156468e+00
1.875 1.9638350994156468e+00
1.89 1.9060617892639300e+00
1.905 1.8777071880765774e+00
1.92 1.8497042841473217e+00
1.935 1.8220507391293808e+00
1.95 1.8220507391293808e+00
1.965 1.7677820651648020e+00
1.98 1.7411619644365786e+00
1.995 1.7148812867836156e+00
2.01 1.6889374219671183e+00
2.025 1.6889374219671183e+00
2.04 1.6380494764948992e+00
2.055 1.6130999717901346e+00
2.07 1.5884764380469107e+00
2.085 1.5641760801367397e+00
2.1 1.5641760801367397e+00
2.115 1.5165335734897738e+00
2.13 1.4931857045744650e+00
2.145 1.4701495761300833e+00
2.16 1.4474222781005963e+00
2.175 1.4474222781005963e+00
2.19 1.4028824558766786e+00
2.205 1.3810640406939143e+00
2.22 1.3595426779381228e+00
2.235 1.3383153986512397e+00
2.25 1.3383153986512397e+00
2.265 1.2967311858422548e+00
2.28 1.2763682906077278e+00
2.295 1.2562875585809152e+00
2.31 1.2364860065050109e+00
2.325 1.2364860065050109e+00
2.34 1.1977085186968424e+00
2.355 1.1787266299186498e+00
2.37 1.1600120174856201e+00
2.385 1.1415617190726621e+00
2.4 1.1415617190726621e+00
2.415 1.1054422546024227e+00
2.43 1.0877672065664967e+00
2.445 1.0703447105232016e+00
2.46 1.0531718526130547e+00
2.475 1.0531718526130547e+00
2.49 1.0195634586532236e+00
2.505 1.0031221601414728e+00
2.52 9.8691897631193726e-01
2.535 9.7095106298535683e-01
2.55 9.7095106298535683e-01
2.565 9.3970975176433313e-01
2.58 9.2443074792161184e-01
2.595 9.0937580378396987e-01
2.61 8.9454216088179450e-01
2.625 8.9454216088179450e-01
2.64 8.6552783872938122e-01
2.655 8.5134173765194987e-01
2.67 8.3736609494788894e-01
2.685 8.2359824963915074e-01
2.7 8.2359824963915074e-01
2.715 7.9667541057424884e-01
2.73 7.8351519903501199e-01
2.745 7.7055234986730170e-01
2.76 7.5778430789505435e-01
2.775 7.5778430789505435e-01
2.79 7.3282253452377688e-01
2.805 7.2062380303790263e-01
2.82 7.0860987891284211e-01
2.835 6.9677831825660164e-01
2.85 6.9677831825660164e-01
2.865 6.7365262541461846e-01
2.88 6.6235371939191978e-01
2.895 6.5122762933861011e-01
2.91 6.4027202583479692e-01
2.925 6.4027202583479692e-01
2.94 6.1886307637161764e-01
2.955 6.0840518725404991e-01
2.97 5.9810869841196279e-01
2.985 5.8797139623527883e-01
3 5.8797139623527883e-01
3.015 5.6816561335269711e-01
3.03 5.5849282128068722e-01
3.045 5.4897059307880269e-01
3.06 5.3959683080294951e-01
3.075 5.3959683080294951e-01
3.09 5.2128642722935936e-01
3.105 5.1234570482738206e-01
3.12 5.0354528599676840e-01
3.135 4.9488318713986246e-01
3.15 4.9488318713986246e-01
3.165 4.7796612798946470e-01
3.18 4.6970731323801473e-01
3.195 4.6157910933349733e-01
3.21 4.5357964478397683e-01
3.225 4.5357964478397683e-01
3.24 4.3795955809108200e-01
3.255 4.3033530289789823e-01
3.27 4.2283252070005695e-01
3.285 4.1544944915994364e-01
3.3 4.1544944915994364e-01
3.315 4.0103549569281505e-01
3.33 3.9400119564707303e-01
3.345 3.8707976972476033e-01
3.36 3.8026956125479039e-01
3.375 3.8026956125479039e-01
3.39 3.6697627321903603e-01
3.405 3.6048998306605284e-01
3.42 3.5410848886783874e-01
3.435 3.4783023573931438e-01
3.45 3.4783023573931438e-01
3.465 3.3557733231056908e-01
3.48 3.2959967089373521e-01
3.495 3.2371922797237396e-01
3.51 3.1793454629253226e-01
3.525 3.1793454629253226e-01
3.54 3.0664673251979480e-01
3.555 3.0114078027247793e-01
3.57 2.9572494860613041e-01
3.585 2.9039787356549773e-01
3.6 2.9039787356549773e-01
3.615 2.8000462801170478e-01
3.63 2.7493581952548496e-01
3.645 2.6995049136191085e-01
3.66 2.6504736843289045e-01
3.675 2.6504736843289045e-01
3.69 2.5548272393539051e-01
3.705 2.5081873766340124e-01
3.72 2.4623202686157342e-01
3.735 2.4172140084237537e-01
3.75 2.4172140084237537e-01
3.765 2.3292372194750488e-01
3.78 2.2863436870947584e-01
3.795 2.2441649917489848e-01
3.81 2.2026900260581339e-01
3.825 2.2026900260581339e-01
3.84 2.1218076253769436e-01
3.855 2.0823787416282880e-01
3.87 2.0436106865324621e-01
3.885 2.0054931082553029e-01
3.9 2.0054931082553029e-01
3.915 1.9311687026378976e-01
3.93 1.8949418943092944e-01
3.945 1.8593255974172251e-01
3.96 1.8243101725925293e-01
3.975 1.8243101725925293e-01
3.99 1.7560440670866662e-01
4.005 1.7227747880863031e-01
4.02 1.6900691812056490e-01
4.035 1.6579182775682177e-01
4.05 1.6579182775682177e-01
4.065 1.5952453487584783e-01
4.08 1.5647060252342637e-01
4.095 1.5346868050474960e-01
4.11 1.5051793491191212e-01
4.125 1.5051793491191212e-01
4.14 1.4476669781457829e-01
4.155 1.4196459846967002e-01
4.17 1.3921045956111122e-01
4.185 1.3650350623047469e-01
4.2 1.3650350623047469e-01
4.215 1.3122811347413155e-01
4.23 1.2865818048708899e-01
4.245 1.2613244565842852e-01
4.26 1.2365018939476036e-01
4.275 1.2365018939476036e-01
4.29 1.1881328710399908e-01
4.305 1.1645725437368437e-01
4.32 1.1414192651688682e-01
4.335 1.1186663556873144e-01
4.35 1.1186663556873144e-01
4.365 1.0743354191144228e-01
4.38 1.0527445223097942e-01
4.395 1.0315282524291458e-01
4.41 1.0106804112008749e-01
4.425 1.0106804112008749e-01
4.44 9.7006568134123672e-02
4.455 9.5028685191346884e-02
4.47 9.3085256691744167e-02
4.485 9.1175707594409960e-02
4.5 9.1175707594409960e-02
4.515 8.7455990147771612e-02
4.53 8.5644714038631164e-02
4.545 8.3865101558922017e-02
4.56 8.2116619230165888e-02
4.575 8.2116619230165888e-02
4.59 7.8710950666696977e-02
4.605 7.7052736659736443e-02
4.62 7.5423597014034005e-02
4.635 7.3823036700081168e-02
4.65 7.3823036700081168e-02
4.665 7.0705710449885828e-02
4.68 6.9187990593964077e-02
4.695 6.7696941990732284e-02
4.71 6.6232105030765265e-02
4.725 6.6232105030765265e-02
4.74 6.3379261111470520e-02
4.755 6.1990368085121705e-02
4.77 6.0625914330145969e-02
4.785 5.9285472675291828e-02
4.8 5.9285472675291828e-02
4.815 5.6674947512574514e-02
4.83 5.5404039833996332e-02
4.845 5.4155495672726151e-02
4.86 5.2928917304875478e-02
4.875 5.2928917304875478e-02
4.89 5.0540094550590053e-02
4.905 4.9377081838753112e-02
4.92 4.8234498016103800e-02
4.935 4.7111971720410040e-02
4.95 4.7111971720410040e-02
4.965 4.4925630550651796e-02
4.98 4.3861096834554747e-02
4.995 4.2815182682161890e-02
5.01 4.1787539775231863e-02
5.025 4.1787539775231863e-02
5.04 3.9785695148312428e-02
5.055 3.8810817044348189e-02
5.07 3.7852857089519132e-02
5.085 3.6911486231380852e-02
5.1 3.6911486231380852e-02
5.115 3.5077212072717412e-02
5.13 3.4183666555220205e-02
5.145 3.3305425280966805e-02
5.16 3.2442173823887144e-02
5.175 3.2442173823887144e-02
5.19 3.0759393626366260e-02
5.205 2.9939246192986380e-02
5.22 2.9132850600324223e-02
5.235 2.8339900803658780e-02
5.25 2.8339900803658780e-02
5.265 2.6793117496812680e-02
5.28 2.6038673737392992e-02
5.295 2.5296454350206221e-02
5.31 2.4566152341230385e-02
5.325 2.4566152341230385e-02
5.34 2.3140062946078510e-02
5.355 2.2443649920900977e-02
5.37 2.1757901369739430e-02
5.385 2.1082493735302132e-02
5.4 2.1082493735302132e-02
5.415 1.9761374772880425e-02
5.43 1.9114980024948713e-02
5.445 1.8477556108679183e-02
5.46 1.7848733330729005e-02
5.475 1.7848733330729005e-02
5.49 1.6615333656419429e-02
5.505 1.6009929470521933e-02
5.52 1.5411464301853750e-02
5.535 1.4819457602174901e-02
5.55 1.4819457602174901e-02
5.565 1.3652706184740016e-02
5.58 1.3076784443628475e-02
5.595 1.2504945598152184e-02
5.61 1.1936427110741166e-02
5.625 1.1936427110741166e-02
5.64 1.0805768078317624e-02
5.655 1.0241480927580648e-02
5.67 9.6761364389686411e-03
5.685 9.1080864004116080e-03
5.7 9.1080864004116080e-03
5.715 7.9552276745692985e-03
5.73 7.3645475137707472e-03
5.745 6.7588155207276568e-03
5.76 6.1318087471818605e-03
5.775 6.1318087471818605e-03
5.79 4.7716971663730734e-03
5.805 3.9978075535432311e-03
5.82 3.0967620846217569e-03
5.835 1.8904555131124476e-03
5.85 1.8904555131124476e-03
5.865 0.
5.88 0.
5.895 0.
5.91 0.
5.925 0.
5.94 0.
5.955 0.
5.97 0.
5.985 0.
6 0.
6.015 0.
6.03 0.
6.045 0.
6.06 0.
6.075 0.
6.09 0.
6.105 0.
6.12 0.
6.135 0.
6.15 0.
6.165 0.
6.18 0.
6.195 0.
6.21 0.
6.225 0.
6.24 0.
6.255 0.
6.27 0.
6.285 0.
6.3 0.
6.315 0.
6.33 0.
6.345 0.
6.36 0.
6.375 0.
6.39 0.
6.405 0.
6.42 0.
6.435 0.
6.45 0.
6.465 0.
6.48 0.
6.495 0.
6.51 0.
6.525 0.
6.54 0.
6.555 0.
6.57 0.
6.585 0.
6.6 0.
6.615 0.
6.63 0.
6.645 0.
6.66 0.
6.675 0.
6.69 0.
6.705 0.
6.72 0.
6.735 0.
6.75 0.
6.765 0.
6.78 0.
6.795 0.
6.81 0.
6.825 0.
6.84 0.
6.855 0.
6.87 0.
6.885 0.
6.9 0.
6.915 0.
6.93 0.
6.945 0.
6.96 0.
6.975 0.
6.99 0.
7.005 0.
7.02 0.
7.035 0.
7.05 0.
7.065 0.
7.08 0.
7.095 0.
7.11 0.
7.125 0.
7.14 0.
7.155 0.
7.17 0.
7.185 0.
7.2 0.
7.215 0.
7.23 0.
7.245 0.
7.26 0.
7.275 0.
7.29 0.
7.305 0.
7.32 0.
7.335 0.
7.35 0.
7.365 0.
7.38 0.
7.395 0.
7.41 0.
7.425 0.
7.44 0.
7.455 0.
7.47 0.
7.485 0.
